# Created by Octave 4.0.2, Wed Mar 08 16:03:24 2017 BRT <bruno@bruno-GE60-2OC-2OE>
# name: X
# type: matrix
# rows: 9
# columns: 400
 255 255 255 255 255 255 255 255 255 255 255 255 255 255 255 255 255 255 255 255 255 255 255 255 255 255 255 255 255 255 255 255 255 255 255 255 255 255 255 255 255 255 255 255 255 255 255 255 255 255 255 255 255 255 255 255 255 255 255 255 255 255 255 129 130 131 125 127 126 128 126 129 124 129 128 128 127 127 255 255 255 255 255 129 130 129 127 128 128 127 127 126 123 128 128 128 125 124 255 255 255 255 255 131 130 130 129 130 130 130 127 127 124 128 128 128 125 124 255 255 255 255 255 131 131 131 128 129 131 130 128 128 131 128 129 127 125 123 255 255 255 255 255 130 131 129 128 130 128 128 129 129 105 132 130 129 126 124 255 255 255 255 255 131 131 131 129 116 76 70 110 127 72 135 131 131 128 128 255 255 255 255 255 130 130 132 114 64 64 106 132 126 68 135 131 129 128 129 255 255 255 255 255 131 130 123 65 88 105 84 68 87 60 136 130 130 129 129 255 255 255 255 255 132 132 131 128 131 126 130 126 94 77 135 132 130 129 129 255 255 255 255 255 131 131 131 129 131 127 130 130 122 79 136 130 128 129 130 255 255 255 255 255 130 131 131 129 130 127 130 131 125 70 136 131 130 130 129 255 255 255 255 255 131 130 131 129 130 127 129 130 131 119 132 133 130 129 130 255 255 255 255 255 131 131 132 130 131 127 129 131 129 132 132 131 131 129 129 255 255 255 255 255 131 132 131 130 132 129 130 131 131 131 131 130 130 130 130 255 255 255 255 255 132 132 131 130 130 131 131 131 131 131 131 131 130 129 130 255 255 255 255 255 255 255 255 255 255 255 255 255 255 255 255 255 255 255 255 255 255 255 255 255 255 255 255 255 255 255 255 255 255 255 255 255 255 255 255 255 255
 133 133 133 133 132 132 132 133 132 132 132 133 134 134 132 133 132 133 132 131 134 135 136 135 134 132 134 134 134 134 134 132 134 133 134 134 133 133 132 132 134 136 137 135 135 133 135 135 133 134 133 134 109 104 122 135 133 132 133 133 135 136 136 135 135 134 135 134 134 134 134 108 113 120 108 111 133 133 134 134 136 135 135 134 134 134 135 136 136 135 136 102 112 134 137 107 129 134 133 133 135 135 135 134 134 135 136 135 134 134 135 132 90 127 137 107 128 135 134 134 135 135 135 135 136 135 136 134 134 134 135 137 121 84 127 108 132 136 135 134 135 137 136 135 135 136 135 134 135 134 133 134 136 121 82 130 135 135 136 135 136 137 138 136 136 134 135 135 135 134 133 135 137 99 88 124 135 135 136 137 137 139 137 133 127 136 136 136 136 134 134 136 109 114 120 104 136 136 135 136 137 137 132 103 100 126 137 136 137 135 135 116 113 137 120 104 137 136 136 136 136 139 93 125 132 123 131 137 136 137 125 105 135 134 121 105 136 137 136 136 139 97 127 135 136 137 138 139 138 135 94 136 134 135 119 109 139 137 138 137 137 90 142 136 137 137 138 139 135 97 136 136 125 124 96 133 138 138 138 137 116 115 139 138 137 136 138 129 106 134 137 135 113 112 139 139 139 139 138 139 107 123 139 138 137 137 131 106 132 137 138 137 137 137 137 138 139 139 139 138 129 85 144 139 139 123 102 138 139 137 139 138 137 136 137 138 139 138 138 139 141 115 83 105 89 105 141 138 139 139 139 139 137 137 137 138 139 139 139 140 138 138 139 127 132 132 138 139 139 139 139 139 138 137 140 139 139 140 139 138 139 138 138 139 135 136 139 140 140 139 140 139 138 138 139 140 140 140 139 139
 141 142 142 142 141 141 140 142 142 143 143 142 142 141 140 142 141 141 142 142 141 142 142 142 142 142 141 142 144 142 141 142 142 142 141 144 142 142 142 143 142 143 144 144 143 142 142 142 143 143 143 143 143 142 140 143 143 142 143 142 143 143 143 143 143 143 143 142 142 144 143 144 143 144 141 142 143 142 142 143 144 144 143 144 145 144 142 143 143 143 143 143 143 143 142 136 128 134 143 145 144 145 144 144 145 144 142 142 144 143 143 143 144 140 113 112 119 136 144 143 144 144 144 145 145 144 142 144 143 143 143 144 111 100 106 137 143 143 143 143 144 144 144 144 144 144 142 144 143 141 118 101 135 117 137 142 143 145 144 144 144 144 144 143 145 146 140 134 124 106 129 146 140 111 122 144 142 144 145 144 143 144 145 148 140 121 118 117 127 146 145 143 143 141 112 116 147 144 144 144 144 149 129 106 112 133 135 142 144 144 144 144 144 143 142 111 129 145 145 144 129 103 120 144 144 143 143 143 144 144 143 144 143 143 144 122 122 145 145 143 134 148 147 145 146 144 144 144 145 144 144 144 145 140 125 106 147 142 143 143 147 145 145 144 145 144 143 146 147 140 134 125 120 117 123 151 146 143 145 144 145 146 146 146 146 146 137 114 93 86 98 113 108 107 100 98 118 146 145 142 146 146 146 145 146 113 96 110 122 142 143 143 143 142 141 141 134 145 145 144 145 145 147 147 145 147 146 146 146 145 145 145 144 145 143 143 145 145 145 145 145 145 146 146 145 146 145 144 146 146 145 145 144 144 143 144 144 145 145 145 145 146 146 147 147 146 145 146 145 145 146 146 144 144 143 145 144 144 146 146 144 145 145 146 147 146 144 147 147 145 144 145 147 145 143 145 144 145 145 145
 195 196 195 195 195 196 195 195 195 195 195 194 195 195 195 192 178 165 172 192 140 141 142 139 141 143 141 141 142 141 141 141 142 139 122 110 125 143 143 130 145 146 146 145 146 146 145 146 147 145 144 146 146 124 121 144 145 145 144 145 145 146 146 146 146 146 145 144 145 145 145 145 132 117 143 143 144 145 145 145 144 145 144 145 145 146 145 145 146 145 143 140 97 145 142 145 144 144 145 146 145 145 144 145 145 144 144 145 140 126 126 86 108 116 119 140 146 146 145 146 144 144 144 143 144 144 146 117 114 128 129 108 148 143 121 112 145 145 146 146 146 145 145 146 145 144 104 129 143 147 118 137 146 144 146 98 149 145 146 145 145 146 146 144 142 110 132 146 145 147 116 141 145 145 148 96 148 146 146 145 146 146 146 148 116 128 148 145 146 146 123 137 145 147 134 111 146 145 146 146 147 146 145 138 107 150 145 146 146 146 142 119 143 140 104 138 145 146 146 145 144 145 148 106 144 146 145 147 146 147 148 144 124 114 135 145 146 145 145 145 146 146 145 105 148 146 144 145 147 147 147 148 148 148 145 145 145 145 145 145 146 147 119 132 146 146 144 145 146 146 146 145 146 146 144 143 144 145 144 144 144 147 108 142 145 146 144 145 146 146 145 146 146 145 143 144 145 145 145 145 144 145 111 140 145 146 144 145 147 146 146 145 145 144 144 144 145 144 144 144 146 144 136 143 146 145 144 144 145 145 145 145 144 145 143 142 143 144 145 144 144 145 147 145 146 145 144 144 145 145 146 146 144 144 143 144 144 144 143 144 138 139 138 140 140 139 138 139 140 139 139 139 139 138 136 137 138 138 138 138 220 220 221 221 221 221 220 220 220 221 221 221 221 220 220 220 220 221 220 220
